============================================================
  HUMAN ACTION DETECTION - ML MODEL RESULTS
============================================================

              Model  Accuracy  F1_Macro  Train_Time_s
Logistic Regression    0.6487    0.6046           7.9
                KNN    0.9754    0.9689           0.3
      Decision Tree    0.9342    0.9247           2.2
      Random Forest    0.9796    0.9752           5.2


------------------------------------------------------------
  Logistic Regression
------------------------------------------------------------
              precision    recall  f1-score   support

           1       0.56      0.70      0.62      1843
           2       0.68      0.85      0.75      1843
           3       0.98      1.00      0.99      1843
           4       0.51      0.51      0.51      1843
           5       0.51      0.32      0.39      1843
           6       0.51      0.60      0.55      1699
           7       0.66      0.59      0.62      1767
           8       0.52      0.56      0.54      1760
           9       0.87      0.92      0.90      1843
          10       0.68      0.68      0.68      1844
          11       0.62      0.60      0.61      1843
          12       0.43      0.05      0.08       621

    accuracy                           0.65     20592
   macro avg       0.63      0.61      0.60     20592
weighted avg       0.64      0.65      0.64     20592


------------------------------------------------------------
  KNN
------------------------------------------------------------
              precision    recall  f1-score   support

           1       1.00      1.00      1.00      1843
           2       1.00      1.00      1.00      1843
           3       1.00      1.00      1.00      1843
           4       0.95      0.99      0.97      1843
           5       0.99      0.94      0.97      1843
           6       0.98      0.99      0.99      1699
           7       0.98      0.99      0.99      1767
           8       0.98      0.99      0.99      1760
           9       1.00      1.00      1.00      1843
          10       0.91      0.95      0.93      1844
          11       0.94      0.94      0.94      1843
          12       0.98      0.77      0.86       621

    accuracy                           0.98     20592
   macro avg       0.98      0.96      0.97     20592
weighted avg       0.98      0.98      0.98     20592


------------------------------------------------------------
  Decision Tree
------------------------------------------------------------
              precision    recall  f1-score   support

           1       0.98      0.99      0.98      1843
           2       1.00      1.00      1.00      1843
           3       1.00      1.00      1.00      1843
           4       0.90      0.93      0.91      1843
           5       0.88      0.85      0.86      1843
           6       0.95      0.93      0.94      1699
           7       0.96      0.97      0.96      1767
           8       0.90      0.92      0.91      1760
           9       0.99      0.99      0.99      1843
          10       0.88      0.90      0.89      1844
          11       0.90      0.89      0.89      1843
          12       0.81      0.73      0.77       621

    accuracy                           0.93     20592
   macro avg       0.93      0.92      0.92     20592
weighted avg       0.93      0.93      0.93     20592


------------------------------------------------------------
  Random Forest
------------------------------------------------------------
              precision    recall  f1-score   support

           1       0.99      1.00      1.00      1843
           2       1.00      1.00      1.00      1843
           3       1.00      1.00      1.00      1843
           4       0.96      0.99      0.98      1843
           5       0.98      0.95      0.96      1843
           6       0.99      0.99      0.99      1699
           7       0.99      0.99      0.99      1767
           8       0.98      0.98      0.98      1760
           9       1.00      1.00      1.00      1843
          10       0.95      0.95      0.95      1844
          11       0.93      0.98      0.95      1843
          12       0.99      0.83      0.90       621

    accuracy                           0.98     20592
   macro avg       0.98      0.97      0.98     20592
weighted avg       0.98      0.98      0.98     20592


============================================================
  1D CNN RESULTS
============================================================
Accuracy  : 0.9793
F1-Macro  : 0.9756

              precision    recall  f1-score   support

           1       1.00      1.00      1.00      1843
           2       1.00      1.00      1.00      1843
           3       1.00      1.00      1.00      1843
           4       0.96      0.99      0.98      1843
           5       0.99      0.94      0.97      1843
           6       0.98      0.99      0.98      1699
           7       0.99      0.99      0.99      1767
           8       0.98      0.99      0.98      1760
           9       1.00      1.00      1.00      1843
          10       0.94      0.96      0.95      1844
          11       0.95      0.95      0.95      1843
          12       0.97      0.86      0.91       621

    accuracy                           0.98     20592
   macro avg       0.98      0.97      0.98     20592
weighted avg       0.98      0.98      0.98     20592

